Time	phi	a	y	
0	-1.529027566442495	-0.13241971626909432	-1.363250405321472
0.2	-1.466181619253909	-0.06626462173384695	-1.269234993367246
0.4	-2.073748341827296	-0.08862278350867392	-1.175219581413007
0.6	-2.765306080866855	-0.17691731946687383	-1.081204169458767
0.8	-3.373254700371751	-0.042612667893893175	-1.101483542978494
1	-4.065363914252216	-0.15707576976109472	-1.236057701972136
1.2	-3.530521534004623	0.045090316350115955	-1.370631860965816
1.4000000000000001	-4.285658901697704	-0.5481736999466413	-1.505206019959458
1.6	-6.081225595744661	-0.3549140760220393	-1.639780178953138
1.8	-7.95447096831605	-0.6883030086526354	-1.688425290109526
2	-9.410522596940687	-0.47091392835270085	-1.65114135342866
2.2	-9.822707117936618	-0.7543508844255697	-1.613857416747794
2.4	-10.01305685678937	-0.4877577977965508	-1.576573480066923
2.6	-9.431652440035585	-0.8224816470371987	-1.539289543386057
2.8000000000000003	-9.42108741425737	-0.6125521986597882	-1.473196458560338
3	-9.252075190863012	-0.6911385947057536	-1.378294225589765
3.2	-8.502702101131296	-0.7913952246615175	-1.283391992619193
3.4	-8.808664872030716	-0.31673824748903456	-1.188489759648621
3.6	-8.840325440027938	-0.7831494252291016	-1.093587526678048
3.8000000000000003	-9.188709166790293	-0.6858063121931934	-1.133056477040421
4	-7.480424556953241	-0.6910621493499747	-1.306896610735765
4.2	-5.702925250732576	0.006492813609293435	-1.480736744431083
4.4	-4.212222730790658	-0.6714837007488761	-1.654576878126427
4.6000000000000005	-3.383738628857141	-0.5122349249300218	-1.82841701182177
4.8	-3.048288510885093	0.07266613610283912	-1.962757174544488
5	-2.838667464515761	-0.12707668536116046	-2.057597366294631
5.2	-2.660509243834154	-0.16861509892414084	-2.152437558044748
5.4	-1.80137459584031	0.06301188063302376	-2.247277749794891
5.6000000000000005	-0.3141602989056156	0.17642825833181774	-2.342117941545008
5.8	-0.1466077622061612	0.24368253802853346	-2.264369543795734
6	0.8377776405367181	0.16724436134811782	-2.014032556547042
6.2	2.031842787732766	0.12407776565681594	-1.76369556929835
6.4	1.591874721185426	0.24455660998063955	-1.513358582049658
6.6000000000000005	2.377586299226623	0.28169753390701047	-1.263021594800967
6.8	2.199469431199964	0.37165154036005177	-0.9573996453132175
7	1.948033804742326	-0.002543682759226229	-0.59649273358636
7.2	2.796746305073485	0.25952721740853946	-0.2355858218595532
7.4	3.257936324761474	0.17451991603048	0.1253210898673043
7.6000000000000005	2.932993740811256	0.1917522006051442	0.4862280015941618
7.8	2.901551077561277	0.34083943269607175	0.6195273826660135
8	3.100697882857225	0.12915753004443253	0.5252192330829099
8.2	3.834620896994752	0.3520254066140094	0.4309110834998063
8.4	4.862824258161813	0.37409065859050905	0.3366029339167027
8.6	5.440313012075197	0.27421115634380655	0.2422947843335991
8.8	5.955106740302081	0.2830849926807488	0.3601147053442635
9	7.343540959262393	0.4343274024761534	0.6900626969486958
9.200000000000001	7.333012591832349	0.43016093396932575	1.020010688553175
9.4	8.914206948931083	0.5904129879558351	1.349958680157607
9.6	9.315448582616156	0.636835150821069	1.679906671762039
9.8	9.252075190863012	0.5671978323959603	2.040282980264162
10	8.850879353188454	0.7192209215187706	2.431087605664032
10.200000000000001	8.935317721496247	0.7182968947244017	2.821892231063845
10.4	9.484480704176573	0.8899305240599897	3.21269685646366
10.6	9.357701628955265	0.7338671723677415	3.603501481863529
10.8	9.516180179427616	0.8991334706537124	3.374100278383355
11	9.621858822254602	0.7772259924156089	2.524493246023193
11.200000000000001	9.37882939338117	0.7493682664903023	1.674886213663032
11.4	8.882542267471026	0.6374164414260974	0.8252791813029892
11.6	8.386688892516043	0.5001599967177306	-0.02432785105717272
11.8	7.76481094234816	0.4389362824510634	-0.3375500847677844
12	7.406714572595516	0.5724168535921947	-0.1143875198288143
12.200000000000001	6.964619925717622	0.6333992622445273	0.1087750451101557
12.4	7.133004065455598	0.6190974265428473	0.3319376100491259
12.6	6.954097231620844	0.7029794321066873	0.5551001749880959
12.8	6.806795499846095	0.30103724315004854	0.6000133117118106
13	6.491247096492433	0.38710172755012096	0.4666770202203013
13.200000000000001	6.533312644856768	0.8888862225635563	0.3333407287287732
13.4	6.933052302967164	0.7211508369670661	0.200004437237264
13.6	7.080379742784518	0.4065761168516424	0.06666814574575464
13.8	5.839514380089858	0.19281533647266258	0.1454222714012018
14	4.715880287748048	0.34273344349404766	0.4362668142036055
14.200000000000001	6.407122847324135	0.7614324122295457	0.727111357006009
14.4	6.817316069631631	0.35331800208613373	1.017955899808413
14.6	6.301980220935731	0.5076216081531193	1.308800442610816
14.8	6.754194895961215	0.5589498753557187	1.734075111485112
15	7.196158444169027	0.5312997279745879	2.293779906431379
15.200000000000001	6.996188929897443	0.6605196828980198	2.853484701377646
15.4	7.175106352511541	0.4232525518410135	3.413189496323913
15.6	6.7436752225554	0.42593087403455243	3.97289429127018
15.8	5.976125227937257	0.5699450130665085	3.970047445712046
16	5.240777928304119	0.29573789407200124	3.404648959649512
16.2	3.530521534004623	0.32298166926594263	2.839250473586977
16.4	1.87470319257429	-0.23415044476253755	2.273851987524443
16.6	0.7958869430528396	-0.04515625340495433	1.708453501461908
16.8	0.6073820485655418	-0.04109463906099009	1.635296860037501
17	0.9215599322470406	0	2.054382063251199
17.2	0.9110870774473754	0	2.473467266464898
17.400000000000002	1.026289629912203	-0.16676888783351274	2.892552469678537
17.6	1.099601744036652	0.16731003926553356	3.311637672892236
17.8	1.403336829965091	-0.25101774997198234	3.620131129469432
18	2.010890279095925	0.17342214196203187	3.818032839410241
18.2	1.927081991009134	-0.10775640233893213	4.015934549350995
18.400000000000002	2.042319108808704	-0.08012045278649182	4.213836259291804
18.6	2.629071341864477	0.2841416160254795	4.411737969232557
18.8	2.524282050990261	-0.06532341603948666	4.243498395482773
19	2.974918194250066	0.2598765965505123	3.709117538042548
19.2	2.81770676109804	-0.12614796534107242	3.174736680602172
19.400000000000002	3.593433108198111	0.3606141967035015	2.640355823161947
19.6	4.338116129891653	0.2621317150385494	2.105974965721571
19.8	4.505995417214245	0.36561145161844166	1.812789327784707
20	4.621427075650235	0.2392855710949604	1.760798909351213
20.2	4.988792886027039	0.5193428886264506	1.708808490917718
20.400000000000002	5.765963721203343	0.5824806415930084	1.656818072484217
20.6	5.513836743306504	0.49982203403793335	1.604827654050723
20.8	5.02028749533542	0.23800762379195817	1.535043928682995
21	5.377297341272552	0.2876805363564827	1.447466896381029
21.2	5.31428592849154	0.21650044908856358	1.359889864079075
21.400000000000002	5.765963721203343	0.3861991995074199	1.272312831777122
21.6	5.90256281092058	0.2239423626140713	1.184735799475156
21.8	6.522796042494862	0.620773602069491	1.137618924360872
22	6.649004819851504	0.5359093228174849	1.130962206434256
22.2	6.407122847324135	0.3885455688095618	1.124305488507642
22.400000000000002	5.713431347405488	0.32155730394105575	1.117648770581027
22.6	5.797484666206454	0.3183027440564423	1.110992052654411
22.8	6.081225595744661	0.43184608877098185	0.9505898614268966
23	6.112758305937285	0.3435589627289737	0.6364421968984375
23.2	5.618880975300832	0.19384804163351532	0.3222945323699784
23.400000000000002	5.53484461186819	0.6055415159989863	0.00814686784156371
23.6	5.955106740302081	0.2965497278455409	-0.3060007966868954
23.8	6.007653946516498	0.2851329274065506	-0.3500990203102387
24	5.419307312262817	0.28362253659448555	-0.1241478030285105
24.2	5.177775569114755	0.3248133191729785	0.1018034142532177
24.400000000000002	5.177775569114755	0.2754867257530158	0.3277546315349776
24.6	4.904812070502189	0.33575890483801274	0.5537058488167057
24.8	4.191241804078907	0.34691324456801453	0.6000133117118203
25	4.01291861212884	0.20960861663343877	0.4666770202203026
25.2	3.803159153462072	0.2353383299459999	0.3333407287287848
25.400000000000002	3.257936324761474	0.19437460187194944	0.2000044372372672
25.6	2.96443698350907	0.12395895055599127	0.06666814574574953
25.8	2.534760726982757	0.13060703526299733	0.02696957086097463
26	2.660509243834154	0.02166709872302164	0.08090871258293149
26.2	2.377586299226623	0.15135552583851464	0.1348478543048884
26.400000000000002	2.39854219434991	0.1951398946880012	0.1887869960268376
26.6	2.524282050990261	0.14904602068002148	0.2427261377487945
26.8	2.670988660969216	0.06450017293300192	0.3760712349269809
27	2.450932857320009	0	0.5888222875614344
27.2	2.272809917327622	0	0.801573340195858
27.400000000000002	2.168038522837213	0.11970346074594573	1.014324392830282
27.6	2.388064220585277	0	1.227075445464735
27.8	2.304242297747401	-0.021440156668006694	1.186970541144886
28	2.220423611040439	0.14355858569645719	0.894009679870724
28.2	2.021366511238524	0.14347529583549345	0.601048818596603
28.400000000000002	2.618592156918693	0.08169028927449418	0.308087957322482
28.6	2.157561648835292	-0.021615950350017954	0.01512709604831963
28.8	1.581400109429629	-0.3670339314645332	-0.2127038095440659
29	1.759473415093918	0	-0.375404759454739
29.2	2.39854219434991	0.12911899196197396	-0.5381057093653892
29.400000000000002	1.87470319257429	-0.08561098369002096	-0.7008066592760392
29.6	1.434759082975295	0.10571102144050215	-0.8635076091867123
29.8	1.623298766907865	0.30433085442007624	-1.043584917776145
30	1.748998216986022	0.1501122377330688	-1.241038585044389
30.2	1.623298766907865	0	-1.438492252312632
30.400000000000002	1.790899241946559	0.04058380817895113	-1.635945919580876
30.6	1.675672891757092	-0.04136273484700581	-1.833399586849119
30.8	1.76994865180333	-0.06531109290150994	-2.021951267400401
31	1.539502007034008	-0.08637794198147475	-2.201600961234775
31.2	1.51855315939415	-0.13034966860701047	-2.38125065506915
31.400000000000002	1.424284967470779	0.17185028064901076	-2.560900348903524
31.6	1.570925532366492	0.18347595824348417	-2.740550042737897
31.8	1.602349367863791	-0.08191147378795449	-2.648527795492199
32	1.539502007034008	0.04319332966753464	-2.284833607166403
32.2	1.633773519733406	0.1078070915250251	-1.921139418840607
32.4	2.450932857320009	0.10271445227196807	-1.557445230514811
32.6	1.633773519733406	-0.040899101145974726	-1.193751042189015
32.8	1.350967020910385	0.04435126310653459	-1.079998949395947
33	1.759473415093918	0.09876038955694	-1.216188952135577
33.2	1.937557876620053	0.08980996432201849	-1.352378954875207
33.4	1.790899241946559	0.21586140495903905	-1.488568957614837
33.6	1.906130346401282	0.20638828079704297	-1.624758960354467
33.8	1.811849989255447	0.08040324535292243	-1.675945555028191
34	1.97946184647751	0.10924509097502977	-1.642128741636024
34.2	2.136608042629297	-0.03091330517452917	-1.608311928243862
34.4	2.052795474696397	-0.018176852797502363	-1.57449511485169
34.6	1.790899241946559	-0.125516872453435	-1.540678301459527
34.800000000000004	2.063271885625906	0.026381221905502628	-1.458321243942165
35	2.220423611040439	0.20890998372156133	-1.327423942299528
35.2	2.14708482217602	0.0916360113800252	-1.196526640656965
35.4	1.906130346401282	0.07676977952097985	-1.065629339014328
35.6	2.063271885625906	0.026699324880929964	-0.9347320373717647
35.800000000000004	1.989937946945462	0.12066466137401477	-0.8490231936411605
36	1.675672891757092	0.1161923677690524	-0.8085028078225779
36.2	2.14708482217602	0.19328588020499637	-0.7679824220040066
36.4	2.377586299226623	0.0015413646499595757	-0.7274620361854351
36.6	2.168038522837213	-0.07079300354302376	-0.6869416503668524
36.800000000000004	1.319545492941524	-0.09062476741501513	-0.6226699397473999
37	1.832800895569789	0.09995174808947738	-0.534646904327091
37.2	2.251855246801615	0.23582200058402947	-0.4466238689067573
37.4	1.738523057249684	0.0999906725140498	-0.3586008334864484
37.6	1.424284967470779	0.10091850454143625	-0.2705777980661396
37.800000000000004	1.707097805970477	0.30285337683348956	-0.3188020709108767
38	1.87470319257429	0.3698488184430637	-0.5032736520206849
38.2	1.549976481398581	0.37503671811505157	-0.6877452331304929
38.4	1.87470319257429	0.30198021834255684	-0.872216814240353
38.6	2.063271885625906	0.023402166025476845	-1.056688395350161
38.800000000000004	1.162441636688883	0.06699106712799718	-1.218590676461412
39	1.361440922531077	-0.040262780628985695	-1.357923657574145
39.2	0.8796686320335818	-0.18010112314250648	-1.497256638686839
39.4	0.5864373512295896	-0.11402731328349347	-1.636589619799533
39.6	1.120548275990104	-0.09402130955402654	-1.775922600912266
39.800000000000004	1.099601744036652	-0.13820698915498753	-1.848346509977313
40	0.963451555881139	-0.07702476517295054	-1.853861346994711
40.2	0.8168322559621152	0.21487973465204036	-1.859376184012111
40.4	0.9739245140473115	0.15669857619498018	-1.86489102102951
40.6	1.246229596728961	-0.12820819156251773	-1.870405858046908
40.800000000000004	1.413810883210664	-0.14990133389645166	-1.819192046078248
41	0.03141592756944053	-0.0507014697459951	-1.711249585123497
41.2	-0.8377776405367181	0.22553798100251043	-1.603307124168778
41.4	-0.4502979905158144	0.020264665659031067	-1.495364663214057
41.6	1.361440922531077	-0.07185868774541859	-1.387422202259307
41.800000000000004	-0.08377582369476254	-0.12402310773147462	-1.293513651571625
42	-0.06283186134013763	0.06565230687298751	-1.21363901115098
42.2	0.335104470726415	-0.07327068563203198	-1.133764370730336
42.4	2.168038522837213	0.06283092505299237	-1.053889730309669
42.6	2.849147909573085	0.0016350058825054248	-0.9740150898890245
42.800000000000004	0.3455765675465906	-0.12034172676704813	-1.17425761871429
43	-1.089128514354641	-0.32664812596845394	-1.65461731678533
43.2	0.6178544171014688	-0.4120777959360389	-2.13497701485637
43.4	0.8168322559621152	-0.19750614216054174	-2.615336712927411
43.6	0.8063595906641798	-0.09401657762149185	-3.095696410998451
43.800000000000004	0.3665207841549279	-0.03736929469750905	-3.341036323924965
44	0.984397493576065	0.3796381134675286	-3.351356451706819
44.2	2.96443698350907	0.7271778825185038	-3.361676579488676
44.4	1.193861924144444	0.25174801819654036	-3.371996707270529
44.6	4.76835791178683	0.3983554624399588	-3.382316835052384
44.800000000000004	2.733866402927209	0.24538789441406195	-3.143464095180042
45	3.100697882857225	-0.20145590788400725	-2.655438487653644
45.2	3.195039060267774	-0.45899378374851807	-2.167412880127245
45.4	1.80137459584031	-0.6095420958649456	-1.67938727260071
45.6	1.235756008457084	-0.7466086252274629	-1.191361665074311
45.800000000000004	0.7958869430528396	-0.7720531288720522	-0.7013986600067835
46	1.099601744036652	-0.6501869361405177	-0.2094982573982653
46.2	1.717572851971862	-0.27109294769802617	0.2824021452102528
46.4	4.002429817093494	-0.10367526540848715	0.7743025478187708
46.6	6.081225595744661	-0.2427796422689532	1.266202950427289
46.800000000000004	4.317132954260074	-0.06931180068452392	1.589389405010177
47	4.757862178266937	0.28717413830747773	1.74386191156739
47.2	5.5453487286797	0.2412700422024905	1.898334418124604
47.4	4.464023255748131	-0.4193357232405326	2.052806924681817
47.6	3.46761275087455	-0.591684284928018	2.207279431239031
47.800000000000004	4.002429817093494	-0.18786864791300317	2.78245683913142
48	4.443037764553703	-0.15512449864401034	3.778339148359224
48.2	4.086342658658668	-0.24531525293056688	4.774221457587028
48.4	4.033896466895356	-0.14849013609996575	5.770103766814831
48.6	4.264676671213376	0.2641564691209908	6.765986076042635
48.800000000000004	4.390575741200796	0.19831519418200827	7.584201858970593
49	4.380083626901256	-0.13705783420148165	8.224751115599165
49.2	5.041284453078035	-0.2462800272570398	8.865300372227559
49.4	6.617450663892948	0	9.505849628855952
49.6	6.459699437209919	0	10.14639888548452
49.800000000000004	6.37557858847013	0.11299079488997776	10.11761785677725
50	6.459699437209919	0.09070642504545035	9.41950654273431
50.2	6.838357660082815	0.333715024022041	8.721395228691172
50.4	6.585897819886958	0.27530578560499563	8.02328391464823
50.6	6.712117092870397	0.19919588337700134	7.32517260060529
50.800000000000004	6.522796042494862	-0.15482516133547009	6.867129037429408
51	6.627968569795003	-0.09021321166251539	6.64915322512071
51.2	6.543829391121882	-0.13305096523152926	6.431177412811888
51.4	6.438668376085389	0.1346502673115424	6.213201600503188
51.6	6.649004819851504	0	5.995225788194367
51.800000000000004	6.754194895961215	0.19003056374549132	5.671649408806312
52	6.501763268546281	0.4004936713675633	5.242472462339023
52.2	6.344035593220488	0.2452603850500168	4.813295515871613
52.4	6.354549784958909	0.15511800152099298	4.384118569404324
52.6	6.512279583802565	0.02207087657000173	3.954941622937034
52.800000000000004	6.627968569795003	0.04197713909199763	3.566357979558389
53	6.060204458685308	0.042044517869488374	3.218367639268509
53.2	6.249414126083801	0.08874647297547611	2.870377298978628
53.4	6.512279583802565	0.1481896096155566	2.522386958688748
53.6	6.123269478161508	-0.041998441185953084	2.174396618398867
53.800000000000004	5.597871147344319	-0.042850591010523686	1.867029449174298
54	3.142626604335115	-0.1585008465334603	1.60028545101504
54.2	0.3979371699327204	-0.35439449169754056	1.333541452855783
54.4	-0.8482503602728642	-0.5355619467525052	1.06679745469645
54.6	-1.162441636688883	-0.7105468925789893	0.8000534565371926
54.800000000000004	-1.403336829965091	-0.7983057913895308	0.6611426165621261
55	-1.183388469110943	-0.6433397581735001	0.6500649347712477
55.2	0.1047197933990305	-0.24417908705256508	0.6389872529803693
55.4	2.440454618072351	-0.040165554021065475	0.6279095711894941
55.6	3.373254700371751	0.19709091079649355	0.6168318893986157
55.800000000000004	3.488582038210624	0.15421184667596677	0.5517138159102678
56	3.195039060267774	-0.35248950728945516	0.4325553507244809
56.2	2.96443698350907	-0.31126780249550734	0.3133968855386941
56.4	3.174073869069205	-0.15626450862704644	0.1942384203529073
56.6	3.352287065374071	-0.12782371171802254	0.0750799551671204
56.800000000000004	2.922512788985457	-0.24566459893895498	0.01923128672240983
57	2.450932857320009	0.11149266130798807	0.02669241501880903
57.2	2.209946496873591	-0.044602773260482564	0.03415354331520824
57.4	1.361440922531077	-0.4450779899415558	0.04161467161160954
57.6	1.371914854017045	-0.26602410196749915	0.04907579990800874
57.800000000000004	1.424284967470779	-0.1382259596164559	0.1071602911490461
58	1.466181619253909	-0.04445021857151232	0.2158681453347523
58.2	1.560450989766109	0.24538789441406195	0.3245759995204279
58.4	1.497604445007407	-0.044302430906473234	0.4332838537061033
58.6	0.9739245140473115	-0.41994168356946915	0.5419917078918095
58.800000000000004	1.298597952741569	-0.11078853001293965	0.6033792172319411
59	1.005343517640374	-0.04443115465102565	0.6174463817265248
59.2	0.5654927053434498	-0.232681018986991	0.6315135462211086
59.4	-0.1570797618724367	0.0425487059884766	0.6455807107156922
59.6	-0.6702164676490757	-0.1054776184615136	0.6596478752102759
59.800000000000004	-1.099601744036652	-0.4433735032804975	0.6167644505703516
59.94	-1.76994865180333	0.014678969757131455	0.6803245615362407
60.14	3.373254700371751	0.3893900661924299	0.6944676262886956
60.34	3.247453269865316	0.5868699646906617	0.8060132804822974
60.54	3.771698161728802	0.4558645049660637	0.982493994303278
60.74	3.635375732874106	0.3494913139849398	1.158974708124259
60.94	3.478097356354841	0.5837434100315786	1.335455421945239
61.14	3.698292069649006	0.38692166205804845	1.51193613576622
61.34	3.572462270271069	0.28626955132406984	1.632673184529749
61.54	3.61440426178347	0.5394915733178074	1.716247789921603
61.74	4.537475577299597	0.40853453712843546	1.799822395313458
61.940000000000005	3.687805811808002	0.3026221264367912	1.883397000705336
62.14	4.128301226599506	0.22544026479112134	1.96697160609719
62.34	4.568956634890839	0.4057002713292235	2.055246483275476
62.54	4.002429817093494	0.2441086233451184	2.14665487497803
62.74	3.960475513878016	0.37277385752689796	2.238063266680585
62.940000000000005	4.138791094751853	0.19513870006924172	2.329471658383139
63.14	3.782185075824961	0.32391728243021944	2.420880050085694
63.34	3.603918645418069	0.18638097600152115	2.484894287141072
63.54	3.687805811808002	0.12951518960302444	2.530645754431636
63.74	3.090215873242413	0.1944457285502299	2.5763972217222
63.940000000000005	2.775786094598893	0.10576432266451441	2.622148689012763
64.14	2.304242297747401	0	2.667900156303327
64.34	2.073748341827296	0.19450287455589077	2.635037673566774
64.54	2.000414091074919	-0.0202854357947313	2.54976589081211
64.74	1.424284967470779	0.06516208852316296	2.464494108057471
64.94	1.235756008457084	0	2.379222325302831
65.14	1.288124225485872	-0.043188970990737374	2.293950542548167
65.34	1.51855315939415	0.10813241357117143	2.30877444151059
65.54	1.612824049694632	-0.02027087741427458	2.390328794951079
65.74	1.853751962729434	0.23819745721866958	2.471883148391544
65.94	2.126131309965025	0.08608673983530046	2.553437501832009
66.14	2.094701390965999	0.1645098362457631	2.634991855272498
66.34	2.052795474696397	-0.08693434718098914	2.58754813884131
66.54	2.084224843530635	0.0853112370053477	2.454105709162367
66.74	1.570925532366492	-0.12280050368107531	2.320663279483423
66.94	0.376992904402465	-0.15184987990508603	2.187220849804442
67.14	-0.6492716049375855	-0.4337273234220618	2.053778420125498
67.34	-1.099601744036652	-0.195101164420608	1.920367391077289
67.54	-1.309071708483509	-0.36936440051271724	1.786977295782877
67.74	-1.508078785659082	-0.29761169827473566	1.653587200488503
67.94	-1.309071708483509	-0.3266138323787082	1.520197105194092
68.14	-0.7435239622543861	-0.1520300229327809	1.386807009899718
68.34	-0.376992904402465	-0.19624053405262742	1.178539213075925
68.54	2.010890279095925	0.3478799694942136	0.9203529485658648
68.74	3.82413356523224	0.26008273328073095	0.662166684055805
68.94	4.09683216540606	0.414900364562687	0.4039804195457452
69.14	4.01291861212884	0.3248140174694658	0.1457941550356854
69.34	4.107321762157844	0.49814649144455103	-0.1619378867015784
69.54	3.949987156149953	0.26693993706810026	-0.5027004465901912
69.74	3.34180335840035	0.27819576738576934	-0.8434630064788038
69.94	2.629071341864477	0.19077474588575782	-1.184225566367417
70.14	2.251855246801615	0.23310957498501317	-1.524988126256029
70.34	1.97946184647751	0.04110826333985074	-1.701986145976598
70.54	1.696622797420849	0.10853910417902846	-1.769807805585093
70.74	1.068182126431121	-0.2893304247300499	-1.837629465193568
70.94	-0.2513279414623092	-0.22017786210422052	-1.905451124802044
71.14	-1.005343517640374	-0.43733735778257454	-1.973272784410538
71.34	-1.078655308562726	-0.4300050813007772	-2.000401448253928
71.54	-1.48713013720924	-0.5338097486192517	-2.000401448253928
71.74	-1.508078785659082	-0.3431532118055358	-2.000401448253928
71.94	-1.885178869078659	-0.6290290313496261	-2.000401448253928
72.14	-2.534760726982757	-0.614615711959754	-2.000401448253928
72.34	-2.81770676109804	-0.8235932318091166	-2.000401448253928
72.54	-4.715880287748048	-1.0372528248587365	-2.000401448253928
72.74	-6.7436752225554	-1.16401472183858	-2.000401448253928
72.94	-6.491247096492433	-1.0521822447087548	-2.000401448253928
73.14	-6.733155697727562	-1.1624916592527068	-2.000401448253928
73.34	-8.196897299049583	-1.2817855921809507	-1.920367391077272
73.54	-8.10202357813174	-1.288010222270719	-1.786977295782883
73.74	-8.861433461991188	-1.43101735569231	-1.653587200488495
73.94	-9.072557087902451	-1.3820133702392656	-1.520197105194106
74.14	-9.13590973780211	-1.3927478356703382	-1.386807009899717
74.34	-8.713693655978034	-1.5141524393918804	-1.200659058086339
74.54	-8.76645350598845	-1.3640589770201883	-0.9793392019270143
74.74	-9.516180179427616	-1.4033704328725305	-0.7580193457676897
74.94	-10.23522248255621	-1.3790422325941964	-0.5366994896083028
75.14	-10.22464091623765	-1.5231206546930665	-0.3153796334489782
75.34	-10.51042352656765	-1.386723814501556	-0.2796312629619495
75.54	-10.79637604286475	-1.471079781289908	-0.3675972162564056
75.74	-10.42572969715931	-1.443376399758134	-0.4555631695508616
75.94	-9.547881550107986	-1.3246516108122997	-0.5435291228453176
76.14	-9.16758878715967	-1.3173831879566444	-0.6314950761397737
76.34	-8.713693655978034	-1.2049447538650004	-0.666681457457566
76.54	-7.870170682461844	-1.1759358406276954	-0.666681457457566
76.74	-6.081225595744661	-0.9831633244289817	-0.666681457457566
76.94	-4.359099686821605	-0.8529747268338272	-0.666681457457566
77.14	-2.85962841716994	-0.7665404396675984	-0.666681457457566
77.34	-4.22271333285333	-0.7602268315704597	-0.6228174292890337
77.54	-4.558462848918258	-0.7601512484399248	-0.5497107156748339
77.74	-2.209946496873591	-0.20774129728290958	-0.476604002060634
77.94	5.177775569114755	-0.44236410321721703	-0.4034972884464135
78.14	6.785754809985366	0	-0.3303905748322136
78.34	5.871038014059648	0	-0.1547782319842774
78.54	5.650396645004068	0	0.08917119701944642
78.74	4.547969163131705	0	0.3331206260231703
78.94	5.53484461186819	0	0.5770700550268941
79.14	5.272280660758446	0	0.8210194840306179
79.34	5.52434061682129	0	0.9915092326484378
79.54	5.282781803177881	0	1.113025861009046
79.74	5.167275575801009	0	1.234542489369619
79.94	5.461319190577856	0	1.356059117730193
80.14	5.31428592849154	0	1.477575746090801
80.34	5.282781803177881	0	1.521025370216343
80.54	5.303784436812172	0	1.512430324851866
80.74	5.335289262736069	0	1.503835279487389
80.94	5.366795144801729	0	1.49524023412291
81.14	5.31428592849154	0	1.486645188758434
81.34	5.293283061785042	0	1.492478014512917
81.54	5.272280660758446	0	1.507929421013368
81.74	5.345791105765805	0	1.523380827513825
81.94	5.377297341272552	0	1.538832234014276
82.14	5.261779634294491	0	1.554283640514733
82.34	5.156775696120901	0	1.641576069370351
82.54	6.627968569795003	0	1.77676251312945
82.74	11.7402225390692	0	1.91194895688851
82.94	12.94159107640834	0.5208573286771246	2.047135400647571
83.14	14.10392136762475	1.3637166452095173	2.182321844406669
83.34	14.93796296044322	0.9883694756953665	2.387666165927873
83.54	14.65972853480241	0.9462101859968597	2.63978240595717
83.74	14.39240486375429	0.8962047362388259	2.891898645986397
83.94	14.31759048965913	0.8783763943997047	3.144014886015695
84.14	14.34965186512306	0.8970060844423977	3.396131126044993
84.34	14.48861798362579	0.8981994211917477	3.574353225459476
84.54	14.80951920329695	1.088399022910258	3.703312564464047
84.74	15.69892329828483	0.9833727266984504	3.832271903468617
84.94	16.60151837881129	1.1257096641372089	3.961231242473187
85.14	16.41864213495657	1.1759026539915007	4.090190581477758
85.34	17.02146861576108	1.1309179685114579	4.063820864392521
85.54	17.79830771691064	1.233490438398599	3.9338984432474
85.74	18.51224194621545	1.460109800132492	3.80397602210228
85.94	19.5974707739928	1.623078165861891	3.674053600957122
86.14	17.50675358485217	1.0235750197364446	3.544131179812001
86.34	9.473914632521918	0.14270093187884747	2.892773502204605
86.54	2.304242297747401	-0.40526967198388775	1.893792320288732
86.74	-0.2722720361110351	-0.3523346180706044	0.8948111383731407
86.94	-0.680688920940191	-0.7207599879607951	-0.1041700435424509
87.14	-2.608113029444442	-0.9835945663872359	-1.103151225458324
87.34	-7.722671856666937	-1.5735136387349469	-1.468939889316127
87.54	-13.86903101236526	-2.1503629264872037	-1.412600207802055
87.74	-17.46358503860193	-2.0817694514924545	-1.356260526287998
87.94	-17.2586204039345	-2.0192617210154973	-1.299920844773941
88.14	-14.76671526078927	-1.6675122357532435	-1.243581163259868
88.34	-8.745348986399213	-1.115915649462751	-0.538244643398077
88.54	-3.708778408713574	-0.9034864005931398	0.599756435362097
88.74	-1.581400109429629	-0.6136883542187388	1.737757514122271
88.94	-0.2722720361110351	-0.5024391172815945	2.875758592882445
89.14	0.9006142426317445	-0.35311273620164396	4.013759671642619
89.34	6.33352154118233	0.2837765989389007	6.585629085222372
89.54	12.32452135003726	0.8077958005645813	10.11341072201473
89.74	14.15732673975805	0.8329370358397759	13.64119235880709
89.94	14.93796296044322	0.8152602196562997	17.16897399559945
90.14	15.25928431163304	0.7901918788541518	20.69675563239181
90.34	15.22713841854222	0.8616734336728493	21.01755025004661
90.54	15.73111507853073	0.8810017835075512	19.20035352161069
90.74	16.2896174423594	0.9731409083883036	17.38315679317477
90.94	16.55847899302089	1.013395132517858	15.56596006473885
91.14	17.38805526869083	1.2223001200938555	13.74876333630293
91.34	18.1117856076141	1.0184907307011937	13.47314916942002
91.54	18.53390449315344	1.2065616461747641	14.22525671023876
91.74	18.92411996495465	1.3005741186724595	14.9773642510575
91.94	19.90212327582811	1.3379828996827658	15.72947179187624
92.14	20.5452413848078	1.2720208032709568	16.48157933269498
92.34	20.88380253274454	1.3334120098798419	16.21514249995944
92.54	21.33228383720263	1.5234233737907	15.26967608485428
92.74	21.84740928026541	1.4210746762908677	14.32420966974916
92.94	22.46262605535221	1.5405899439101312	13.37874325464403
93.14	22.27569449751056	1.5904740307301157	12.43327683953887
93.34	21.61711149018998	1.4325933212958386	11.62960181153159
93.54	21.21187965241521	1.422120385478376	10.9204543749228
93.74	21.54039432028663	1.3277094414896329	10.21130693831422
93.94	20.78546362094718	1.352544111944498	9.502159501705439
94.14	15.00220289856916	0.3135694711593029	8.793012065096857
94.34	6.680560294073384	-0.2990797301773984	8.209905767209865
94.54	1.466181619253909	-0.5129349246746351	7.710826895137563
94.74	0.05235988234474965	-0.2719338656838932	7.21174802306512
94.94	-1.445233229954077	-0.9815515776562922	6.712669150992818
95.14	-5.976125227937257	-1.531082687305485	6.213590278920516
95.34	-10.63749227699781	-1.4720292037937455	5.833648944452925
95.54	-13.71963362662593	-1.8089902193687557	5.533132635055199
95.74000000000001	-14.92725747782978	-1.9295484072053615	5.232616325657557
95.94	-14.31759048965913	-2.02255866560912	4.932100016259914
96.14	-14.2427918179676	-1.9389482132883495	4.631583706862188
96.34	-14.30690400575045	-1.7759886888334409	4.363911434020912
96.54	-13.378378432281	-2.0012630342983506	4.118135185550476
96.74000000000001	-12.03758253870384	-1.5662039279156659	3.87235893708011
96.94	-8.471059894378397	-1.3317660840935108	3.626582688609744
97.14	-4.537475577299597	-0.9102856414018978	3.380806440139309
97.34	-2.608113029444442	-0.8494512048362379	3.372432447305743
97.54	-1.172915040035691	-0.731433851426444	3.522326624896752
97.74000000000001	0.07330384171358306	-0.49254837702880083	3.672220802487718
97.94	2.325197470466269	-0.08877640048414737	3.822114980078685
98.14	10.02363393664336	0.6554298151552951	3.972009157669695
98.34	14.8523284567313	0.8546998324486021	4.140931685279813
98.54	15.57018786125204	1.1158515563435945	4.322539779569349
98.74000000000001	17.46358503860193	1.1883260528674056	4.504147873858885
98.94	19.13029087242196	1.3018614831098674	4.685755968148472
99.14	19.28230664509372	1.4412931365245019	4.867364062438009
99.34	19.45614427103373	1.2615125224425539	5.095483869744433
99.54	19.78239625915763	1.4229281909442948	5.354611485728725
99.74000000000001	21.02591603465698	1.4663055704396522	5.613739101713018
99.94	21.7925564868456	1.4532573405856564	5.872866717697312
100.14	21.7925564868456	1.5222472076383387	6.131994333681605
100.34	19.68447838404273	1.0896581571269603	6.401842433197981
100.54	12.35641570105737	0.24270705312035012	6.678837521735722
100.74000000000001	6.133780785187605	0.1326342480086229	6.955832610273386
100.94	3.037806838168534	-0.3815416282524797	7.232827698811127
101.14	1.382388815598135	-0.623282541613257	7.509822787348789
101.34	0.4712423862755803	-0.534073070690777	7.837776703470734
101.54	0.335104470726415	-0.42210587145534717	8.199703171315555
101.74000000000001	0.4607701833426795	-0.540004767559088	8.561629639160277
101.94	0.2513279414623092	-0.5287263314600832	8.923556107004995
102.14	0.6178544171014688	-0.5841809326616598	9.285482574849818
102.18	0.3455765675465906	-0.0023210041592669484	9.281084570222013
102.38	4.254185696644303	0.24319029379205048	9.104816262965192
102.58	4.338116129891653	0.10203363732537163	8.928547955708419
102.78	4.443037764553703	0.09862742653494738	8.752279648451648
102.98	4.275167739487391	0.10176359748816921	8.271418779119426
103.18	4.138791094751853	-0.013644070364504657	7.660018240326381
103.38	4.170261245709959	0.173361497795943	7.048617701533164
103.58	4.359099686821605	0.31359703020445995	6.43721716274012
103.78	4.894314956246754	0.21588498429245817	5.825816623946903
103.98	4.453530461215625	0.008188799945263447	4.988638240198426
104.18	4.925806622745034	0.14939145374213147	4.054697922897759
104.38	4.873321050308437	0.11113443051660177	3.120757605597093
104.58	4.705385074849791	0.10712339766509871	2.186817288296426
104.78	4.694889965380671	0.16525019453821344	1.252876970995759
104.98	4.715880287748048	0.19906357193686386	0.8791468803603022
105.18	5.261779634294491	0.1340887090346632	0.7455068868672927
105.38	4.852327572921062	0.08963792920124725	0.6118668933742455
105.58	5.261779634294491	0.13955447922970876	0.478226899881236
105.78	4.894314956246754	0.20902589718445608	0.3445869063882265
105.98	4.32762449452927	0.039820521539146725	0.3494354045503835
106.18	4.453530461215625	0.029282430751642607	0.4136361134219192
106.38	3.656347523317096	0.056765104518907705	0.477836822293473
106.58	3.310352676811205	0.2227671088043337	0.5420375311650087
106.78	3.782185075824961	0.1503460222402886	0.6062382400365627
106.98	3.21600453205268	0.14099184310099044	1.027199055605366
107.18	2.807226502276819	0.09177064047785066	1.601057059758672
107.38	2.901551077561277	0.2244430842033518	2.174915063911977
107.58	2.85962841716994	0.37876211723602005	2.748773068065445
107.78	2.838667464515761	0.2865210482529523	3.32263107221875
107.98	3.394222631641196	0.3413459470261504	3.772573513045385
108.18	3.111179960543336	0.10335213264913712	4.169409283875017
108.38	3.34180335840035	0.3911036931055989	4.566245054704648
108.58	6.543829391121882	1.2422102298163429	4.963080825534168
108.78	12.25011079073072	1.3415352706487527	5.359916596363799
108.98	14.38171613141981	1.4412393044902494	6.08809704196692
109.18	14.92725747782978	1.1941469874363175	6.958282348187243
109.38	14.18937376179206	1.379677779605215	7.828467654407567
109.58	16.48317442339285	1.78286465663815	8.698652960628136
109.78	19.18457239622195	1.8293772461847713	9.56883826684846
109.98	15.17356876094926	1.1774833468701118	10.07948047939717
110.18	12.76062736984537	1.2148567584186587	10.43603279465801
110.38	16.47241811512813	1.6645042508082408	10.79258510991895
110.58	18.06852690767899	1.6225687947593936	11.14913742517979
110.78	15.23785337419189	1.3220391557184463	11.50568974044073
110.98	14.93796296044322	1.4255825756036788	11.23992149473377
111.18	16.32186864717436	1.7003344303636592	10.70744443718343
111.38	15.25928431163304	1.1233467325512336	10.17496737963293
111.58	14.80951920329695	1.3931370118204889	9.64249032208258
111.78	13.76231243291958	1.3327701912619894	9.110013264532231
111.98	13.99713425386046	1.1711387784395733	9.184369926806262
112.18	13.97578059511697	1.1672969407379163	9.518798183290695
112.38	12.74998501754861	0.9049555447496971	9.853226439775222
112.58	11.89949674825371	1.394424864688304	10.18765469625965
112.78	12.38831252837612	0.9737775140386873	10.52208295274409
112.98	12.37767997705245	1.0808767609235659	10.226942447206
113.18	11.92073779116834	1.2680201281429326	9.661986757944137
113.38	11.40063283016608	0.7699220728285106	9.097031068682115
113.58	10.41514401116386	0.8739289065585076	8.532075379420093
113.78	10.42572969715931	1.136876585985025	7.96711969015807
113.98	10.4574881429885	0.8872082530785086	7.580653772683354
114.18	10.23522248255621	0.8248414109485402	7.270683471688907
114.38	10.10825858941477	0.8170035414335253	6.960713170694373
114.58	9.621858822254602	1.0644735107709913	6.650742869699926
114.78	9.241513676592339	0.7977871882855148	6.340772568705479
114.98	9.569016853418868	0.7528449971220041	6.264979836482744
115.18	9.347138057413039	0.749144560546533	6.289548919447943
115.38	8.72424523990571	0.7653263360640317	6.314118002413148
115.58	8.471059894378397	0.9190763630274823	6.338687085378347
115.78	8.734797016633863	0.724082485857469	6.363256168343546
115.98	8.39723461694812	0.5303069615064437	6.132785155719898
116.18	8.502702101131296	0.7951728167040706	5.793011244986765
116.38	8.513249878733815	0.8497886766225093	5.453237334253633
116.58	7.712137511802886	0.7700479174794772	5.113463423520405
116.78	7.95447096831605	0.8647582086030781	4.773689512787273
116.98	7.701603337090973	0.9392533404679604	4.471390917250942
117.18	7.543610974797332	0.6616715620960001	4.185153171084699
117.38	7.480424556953241	0.5390105471760442	3.898915424918375
117.58	6.806795499846095	0.4678467575534917	3.612677678752132
117.78	3.782185075824961	-0.19202818210493078	3.326439932585889
117.98	-0.3874650329184993	-0.7460772604780175	2.980458471288967
118.18	-1.529027566442495	-0.5306321747450049	2.608872560650414
118.38	-1.476655862034699	-0.09923662802657773	2.237286650011756
118.58	-1.51855315939415	0.03936016121901531	1.865700739373202
118.78	-1.790899241946559	0.04124365896602811	1.494114828734544
118.98	-1.309071708483509	0.10452456373801766	0.9633452682705146
119.18	1.780423927344223	1.0625272822360365	0.3643541435956574
119.38	5.713431347405488	0.802741713633992	-0.2346369810791995
119.58	6.501763268546281	0.5364794100689352	-0.8336281057540564
119.78	7.385656050633662	0.8538112370034767	-1.432619230428914
119.98	7.95447096831605	0.32749368686850744	-1.716229837557531
120.18	4.652910557161512	-0.13107569844903466	-1.864677365737626
120.38	0.6702164676490757	-0.6180251897269784	-2.013124893917763
120.58	-1.529027566442495	0.27676138361449887	-2.161572422097858
120.78	-2.168038522837213	-0.6948605088084925	-2.310019950277996
120.98	-2.031842787732766	-0.5738139523100649	-2.304972822265094
121.18	-3.656347523317096	-1.0288856658164924	-2.234142270169465
121.38	-8.207439725381374	-0.7131023197104902	-2.163311718073857
121.58	-10.48924867561743	-1.064215192026996	-2.092481165978228
121.78	-10.61631180366739	-0.8448286234870039	-2.021650613882619
121.98	-10.98710778015186	-0.9408115950685136	-1.754623755009351
122.18	-10.59513227220116	-0.6194046239535567	-1.403512764659977
122.38	-9.26263690979142	-0.7780146913825448	-1.052401774310504
122.58	-10.21405957651496	-0.9333436322974897	-0.7012907839611306
122.78	-9.326011534481223	-1.1674694548874598	-0.3501797936116577
122.8	-9.822707117936618	0.0343052133944477	2.757343542329648
123	10.70103936738704	1.3662578370760015	2.544822923747031
123.2	11.40063283016608	1.344913135089798	2.332302305164294
123.4	11.84639876863003	1.3813241787052566	2.119781686581677
123.60000000000001	11.50672637931043	1.3821923774023581	2.060113948941432
123.8	11.66591472475086	1.2393272046515191	2.153299092243731
124	11.8676371683798	1.2924915708780071	2.246484235545977
124.2	11.70837477153538	1.2200542071639564	2.339669378848223
124.4	12.0163356380771	1.2945074456921501	2.432854522150522
124.60000000000001	11.77207265597197	1.4743426125410686	2.343669565883507
124.8	11.16731584134249	1.3318948620775428	2.072114510046924
125	10.67985605693602	1.3295315048454937	1.800559454210648
125.2	10.81756459963983	1.152029995877868	1.529004398374065
125.4	11.08250319286121	1.3306737139309632	1.257449342537789
125.60000000000001	10.31988319928412	1.2242980716996588	0.9930181374755521
125.8	9.410522596940687	1.0066274332366287	0.735710783187806
126	9.230952366741818	1.1304651533099452	0.4784034288999148
126.2	9.188709166790293	1.068908090457521	0.2210960746120236
126.4	7.659468335061755	0.9047555437928345	-0.03621127967572257
126.60000000000001	5.871038014059648	0.9182055756549623	-0.4935299157347179
126.8	3.845108312983579	0.5854282797452814	-1.150859833565189
127	2.021366511238524	0.318761055356509	-1.80818975139566
127.2	0.7749416999710047	0.4092346392897461	-2.465519669226131
127.4	1.068182126431121	0.3103072352016234	-3.122849587056602
127.60000000000001	0.5654927053434498	0.5145991719998744	-3.719053977164646
127.8	-0.5236035605700127	0.0945451489449578	-4.25413283955003
128	-1.529027566442495	0.14694041194309726	-4.789211701936018
128.2	-1.958509775605974	0.09190930734228608	-5.324290564321402
128.4	-2.063271885625906	0.10767264028443968	-5.859369426707389
128.6	-2.293764787349834	0.11519066732779137	-6.254210219687772
128.8	-3.331319724802431	0.0729182464985989	-6.508812943263296
129	-5.944597693210907	-0.2593746748036807	-6.763415666838819
129.2	-8.819218199685949	-0.44847770361093886	-7.018018390414343
129.4	-10.59513227220116	-0.9056543988211541	-7.272621113989867
129.6	-14.8523284567313	-1.234296915718458	-7.509269498892214
129.8	-18.34982624101894	-1.27338953520173	-7.72796354512153
130	-19.3257554820091	-1.790570901386257	-7.946657591350845
130.2	-21.92422428437528	-1.8257197287874671	-8.165351637580283
130.4	-23.58740421380215	-2.350987577393271	-8.384045683809598
130.6	-24.29602946472597	-1.7809001590920914	-8.502673446531135
130.8	-25.76495389575827	-1.5218308744678888	-8.521234925744903
131	-24.04110508710625	-1.8226897775011075	-8.539796404958661
131.2	-22.85897651399752	-1.994590777530303	-8.558357884172429
131.4	-23.13462136717516	-1.6887908296558507	-8.576919363386196
131.6	-22.19876583268003	-1.4881021633191382	-8.5275620549295
131.8	-18.75062280930311	-1.3092538273653531	-8.410285958802351
132	-17.01069342731681	-1.2876012466708442	-8.293009862675202
132.2	-17.36647887433997	-1.166961993565696	-8.175733766548053
132.4	-17.38805526869083	-1.095879073860695	-8.058457670420903
132.6	-16.42939659035408	-0.9212511606313978	-7.796739048822483
132.8	-15.06645494855977	-0.9006958559169609	-7.390577901753023
133	-14.1680087633765	-0.7520491669282314	-6.984416754683332
133.2	-13.54896729437175	-0.7893635823323641	-6.578255607613871
133.4	-13.99713425386046	-0.7952120193721018	-6.17209446054441
133.6	-14.99149540257551	-0.8583000366956389	-5.773912224286965
133.8	-15.82770953883164	-0.5414585518786998	-5.383708898841544
134	-7.333012591832349	-0.18922069937620695	-4.993505573396124
134.2	-5.881546150159362	-0.4642578417077924	-4.603302247950703
134.4	-3.132144321051708	0	-4.213098922505283
134.6	-3.666833538872967	0	-3.793277115840639
134.8	-1.48713013720924	0	-3.343836827956296
135	-0.7854143128983591	1.7088401690786492	-2.894396540072208
135.2	-0.7330514159382309	0.34477651688081395	-2.444956252187866
135.4	-1.162441636688883	0.40912471946464024	-1.995515964303524
135.6	0.06283186134013763	0.5954393512123596	-1.660384384071063
135.8	5.03078591889836	1.3328804720030674	-1.439561511490354
136	10.49983598467953	1.6308377464202606	-1.218738638909522
136.2	12.25011079073072	1.6359451040299455	-0.9979157663286886
136.4	13.20786603045761	1.7360901597799017	-0.7770928937479801
136.6	13.70896469209344	1.8740917939411572	-0.6000133117118376
136.8	12.88835785291889	1.5100443763297111	-0.4666770202203097
137	12.05883051068813	1.5701393636994965	-0.3333407287287819
137.20000000000002	11.63407241362553	1.5645809550988599	-0.2000044372372541
137.4	11.50672637931043	1.6074787373242083	-0.06666814574572633
137.6	11.72960635584021	1.457283927458497	0
137.8	10.19289757589983	1.062946669363507	0
138	3.100697882857225	0.6198327004819149	0
138.20000000000002	-0.1780237717701259	0.5863996869453825	0
138.4	-1.696622797420849	0.3241116522366916	0
138.6	-2.85962841716994	0	-0.0164887805389829
138.8	-6.33352154118233	-0.4487568923374763	-0.04946634161693014
139	-12.32452135003726	-0.747225582658384	-0.08244390269489595
139.20000000000002	-18.45809292311974	-1.451293635186457	-0.1154214637728617
139.4	-23.48793489477505	-1.7761627191252627	-0.148399024850809
139.6	-25.61983189267931	-1.7441843532773893	-0.230277259509466
139.8	-24.57345989169684	-1.7807223785546888	-0.361056167748888
140	-23.4106003192289	-1.6655388779528435	-0.4918350759883101
140.20000000000002	-22.2317321897353	-1.2692131166918585	-0.6226139842277322
140.4	-20.5452413848078	-1.1714684166017064	-0.7533928924671542
140.6	-19.18457239622195	-1.331310649872397	-0.8475801415341787
140.8	-18.69642734835847	-1.165691567324656	-0.9051757314288144
141	-17.88475027829032	-1.029840460273601	-0.9627713213235151
141.20000000000002	-17.34490404949685	-1.0260987440578406	-1.020366911218151
141.4	-16.9891442018175	-0.9663251893068936	-1.077962501112852
141.6	-17.09690570514777	-0.8913610164643315	-1.210580927158748
141.8	-14.89514303710618	-0.17462067700461104	-1.418222189356023
142	-5.051783098106453	0.28078495192621067	-1.625863451553297
142.20000000000002	-2.754826127831146	0.34561471193412796	-1.833504713750572
142.4	-1.66519799418309	0.4493879908412546	-2.041145975947847
142.6	1.005343517640374	0.9774287588704578	-2.012035926878836
142.8	7.417244078466986	1.6958481996390884	-1.746174566543508
143	11.23093573615886	1.7101266657373548	-1.48031320620833
143.20000000000002	12.47338289099577	1.7618467325497544	-1.214451845873151
143.4	12.81384340266317	1.8814000706215417	-0.9485904855378231
143.6	12.99483151476804	1.7840217299910588	-0.8329132530139907
143.8	12.11195514060477	1.511398589379942	-0.8674201483015238
144	12.21822464650447	1.8560764402432595	-0.9019270435890568
144.20000000000002	7.059331107836544	0.77458515397415	-0.9364339388765704
144.4	0.2722720361110351	0.19444572855031872	-0.9709408341641036
144.6	-1.51855315939415	0.4653081153054073	-1.04108607145181
144.8	-2.597633959211422	0.23274393752819034	-1.146869650739649
145	-7.059331107836544	-0.6547057044826499	-1.252653230027488
145.20000000000002	-15.70965353856132	-2.159594662804154	-1.358436809315327
145.4	-24.74008931128986	-1.917416974713837	-1.464220388603166
145.6	-21.67192435136687	-0.8311653367336636	-1.432069106168199
145.8	-12.18634095006354	-0.24485462990870843	-1.261982962010269
146	-4.191241804078907	0.22472308565231192	-1.09189681785234
146.20000000000002	-1.570925532366492	0.42876889127749784	-0.9218106736944102
146.4	1.172915040035691	0.7881900380710904	-0.7517245295364806
146.6	7.617336036656838	1.3607743971056019	-0.6000133117117772
146.8	10.15057628329013	1.608903318379351	-0.4666770202202796
147	11.15671339488104	1.6295151656879892	-0.3333407287287819
147.20000000000002	12.67549649492654	1.8466007405868012	-0.2000044372372842
147.4	13.01612971714405	1.491323210412343	-0.0666681457457865
147.6	12.08007955597521	1.5551018966577068	0
147.8	8.260154580086793	0.685018588664521	0
148	1.3928628075042	0.34193044157873054	0
148.20000000000002	-0.8168322559621152	0.4953329308158061	0
148.4	-2.587154945989334	0	0
148.6	-4.852327572921062	-0.6193107054979663	0
148.8	-11.70837477153538	-1.4357231009399563	0
149	-20.97124739729942	-1.9249264191951276	0
149.20000000000002	-24.09649821118498	-1.7064191990082023	0
149.4	-23.57634988656588	-1.2852650752710915	0
149.6	-16.2036303479271	-0.6453252032519563	-0.02651941328430587
149.8	-7.922857050859378	0.19242846054174922	-0.07955823985285779
150	-2.733866402927209	0.28152754157220183	-0.1325970664214695
150.20000000000002	-0.534075828962777	0.7139550264549932	-0.1856358929900215
150.4	3.708778408713574	1.1400315082971124	-0.2386747195586332
150.6	8.608188368661994	1.4701408090727064	-0.3053428653043798
150.8	10.26696854348085	1.5442763178888264	-0.3856403302273209
151	10.99770629170789	1.6511882956624646	-0.4659377951502621
151.20000000000002	10.81756459963983	1.7328949342806155	-0.5462352600731579
151.4	10.13999652303797	1.4871741226406332	-0.6265327249960991
151.6	10.65867369411354	1.373774684607465	-0.7084837769718908
151.8	9.569016853418868	1.24813806167281	-0.7920884160005801
152	9.26263690979142	1.4365730948061817	-0.8756930550292695
152.20000000000002	9.146469218559423	1.090620548765564	-0.959297694057959
152.4	3.929010700766964	0.7349032093484809	-1.042902333086648
152.6	1.099601744036652	0.40966067312746546	-1.217338843412595
152.8	0.07330384171358306	0.5698335135841948	-1.482607225035846
153	0.1361357657553606	0.2865031476618096	-1.747875606659096
153.20000000000002	-0.575965021970147	0.3550626665425938	-2.013143988282347
153.4	-0.5550204011197921	0.41766980405344434	-2.278412369905598
153.6	-0.2094398164746883	0.7170830391623362	-2.236610050391278
153.8	0.2513279414623092	0.4675140375493658	-1.887737029739386
154	0.6911613891611766	0.5556466187847331	-1.538864009087296
154.20000000000002	0.5864373512295896	0.5671383475518876	-1.189990988435405
154.4	0.6073820485655418	0.8976889069941318	-0.8411179677835128
154.6	0.02094395133016679	0.7593645504233137	-0.6000133117117951
154.74	4.789349693517138	0.5195339240255059	0.5580491636256376
154.94	4.684394959108977	0.39910876398545625	0.4152081882265579
155.14000000000001	4.359099686821605	0.46706895391599446	0.1486973182989093
155.34	4.401067951982069	0.43440251471800195	-0.1178135516287393
155.54	4.033896466895356	0.36515675870001374	-0.3843244215563879
155.74	4.32762449452927	0.5035591498215197	-0.6508352914840364
155.94	4.41156025947653	0.314339697720456	-0.7992169849620405
156.14000000000001	3.42567508809271	0.44780716870542747	-0.7704049137654194
156.34	3.509551631971843	0.32668697977751293	-0.741592842568782
156.54	3.792672072992387	0.40644680014096934	-0.7127807713721609
156.74	2.838667464515761	0.2057277577744543	-0.6839687001755397
156.94	2.450932857320009	0.17914276367401172	-0.6245378658144815
157.14000000000001	2.471889497407349	0.33017498640406373	-0.5191788867067164
157.34	1.937557876620053	0.13517316970901305	-0.4138199075990107
157.54	1.623298766907865	0.02060332310946933	-0.3084609284913049
157.74	1.403336829965091	0.15893560758950542	-0.2031019493835399
157.94	1.162441636688883	0.20951483481006505	-0.1708956822443975
158.14000000000001	1.560450989766109	0.21134619205449567	-0.2484184830580783
158.34	1.256703212337958	0.0377567795214695	-0.325941283871759
158.54	0.7016338725417521	0.029763905696533755	-0.4034640846854397
158.74	1.204335405365999	0.28317973504004	-0.4809868854991641
158.94	1.434759082975295	0.1644761391200511	-0.3888202221658175
159.14000000000001	1.036762719700363	-0.016834233407525545	-0.04211936261204935
159.34	0.9739245140473115	0.12168495870552576	0.3045814969417188
159.54	1.267176855513893	0.09737527728406192	0.6512823564954869
159.74	1.068182126431121	-0.05007517165305231	0.9979832160494505
159.94	1.047235832229719	-0.0033498074144766576	1.312621849560352
160.14000000000001	1.047235832229719	0.05047451605246778	1.579167144006825
160.34	1.068182126431121	0.17146453684651064	1.845712438453449
160.54	1.214808913005417	0.19694227336151116	2.112257732899922
160.74	1.424284967470779	-0.003700494631964091	2.378803027346546
160.94	1.204335405365999	-0.0426652478650702	2.2725619451561
161.14000000000001	1.225282447292507	0.05446086124001326	1.607141298010312
161.34	1.235756008457084	-0.024686396555484436	0.941720650864524
161.54	1.162441636688883	0.13566925643093697	0.276300003718736
161.74	1.350967020910385	0.2170990515580229	-0.3891206434270518
161.94	1.591874721185426	0.10613428185601848	-0.7877418997800139
162.14000000000001	1.110074997838543	0.09581880775444418	-0.786164069943926
162.34	1.120548275990104	0.13675326599997817	-0.7845862401078373
162.54	1.047235832229719	0.23451302109354089	-0.7830084102717495
162.74	1.078655308562726	0.29585866811050465	-0.7814305804356607
162.94	1.193861924144444	0.2400553064779487	-0.762578017013732
163.14000000000001	1.654723133141094	0.06385266630895003	-0.7178133532130554
163.34	1.047235832229719	-0.35561743805700985	-0.6730486894123788
163.54	0.4712423862755803	-0.2578908025555826	-0.6282840256117022
163.74	0.3246323812559853	0.04606390754693379	-0.5835193618110004
163.94	0.2303838688626774	-0.037531550677005754	-0.4229026999416685
164.14000000000001	0.05235988234474965	-0.07023455731403061	-0.08850804096924658
164.34	-0.05235988234474965	-0.23685586946449178	0.2458866180033643
164.54	-0.1256637722903571	-0.2325072718750043	0.5802812769757861
164.74	-1.497604445007407	-0.0852338783300155	0.914675935948208
164.94	-1.026289629912203	0.39579788125498894	1.278372055196418
165.14000000000001	0.3979371699327204	0.06518353988447245	1.68602036485787
165.34	0.4188814703744846	-0.1509499223335098	2.093668674519551
165.54	-0.03141592756944053	0.26071968562098036	2.501316984181003
165.74	0.5969096933514852	0.4090245095935252	2.908965293842685
165.94	0.4712423862755803	-0.03678252927699077	3.124508679942888
166.14000000000001	1.026289629912203	0.19040297970445152	3.051894680700988
166.34	1.33001930634545	0.3965766543195137	2.979280681459088
166.54	1.089128514354641	0.46671767274757414	2.906666682217189
166.74	0.5864373512295896	0.3333011570790134	2.834052682975289
166.94	1.110074997838543	0.1553203167139472	2.63040238795127
167.14000000000001	1.654723133141094	0.09127388923797497	2.23019764925441
167.34	1.738523057249684	-0.16056984759993398	1.829992910557549
167.54	1.497604445007407	0.09039652877307347	1.429788171860463
167.74	1.476655862034699	0.27380534249648036	1.029583433163603
167.94	1.350967020910385	0.20031797634754156	0.7796382593463653
168.14000000000001	1.246229596728961	0.11102295196554479	0.7550824328488083
168.34	1.455707408636992	0.266694945299939	0.7305266063512375
168.54	1.466181619253909	0.336544712587461	0.7059707798536803
168.74	1.193861924144444	0.19914138288150696	0.6814149533561095
168.94	1.183388469110943	-0.20848740265941856	0.6133469408609731
169.14000000000001	0.6702164676490757	-0.1876647213855165	0.4800106493694442
169.34	0.4502979905158144	-0.06306555134649727	0.3466743578779151
169.54	0.07330384171358306	-0.08966100146201583	0.2133380663863861
169.74	-0.984397493576065	-0.3551615405370079	0.08000177489493243
169.94	-1.455707408636992	-0.4198851522629887	0.01060459197663872
170.14000000000001	-1.361440922531077	-0.13300639376501167	0.03711607191822805
170.34	-1.748998216986022	-0.15738045594400063	0.06362755185981739
170.54	-1.885178869078659	-0.45299015641848683	0.09013903180140671
170.74	-1.822325422421947	-0.27599127821744673	0.116650511742996
170.94	-1.508078785659082	0	0.163882137778916
171.14000000000001	-1.445233229954077	0.13304809504601778	0.2421939829563614
171.34	-1.51855315939415	-0.06301572092350938	0.3205058281338067
171.54	-1.099601744036652	-0.1466995445785102	0.3988176733112521
171.74	-1.403336829965091	-0.3556567701305191	0.4771295184886533
171.94	-1.508078785659082	-0.46304197287394544	0.4166983956480869
172.14000000000001	-1.026289629912203	-0.31023600304296295	0.1481528207804048
172.34	-0.2303838688626774	0.044940982038976784	-0.1203927540871257
172.54	1.214808913005417	0.044412144703009915	-0.3889383289548077
172.74	1.644248308401175	-0.06600966707006606	-0.6574839038223382
172.94	1.843276408928955	0.3949218749999872	-0.8064568654401512
173.14000000000001	2.010890279095925	0.24228322981905137	-0.7760709071830593
173.34	2.010890279095925	-0.044513966804426985	-0.7456849489259846
173.54	1.633773519733406	0.13435458767094843	-0.7152989906688927
173.74	1.602349367863791	0.35958748351303527	-0.684913032411818
173.94	1.529027566442495	0.1997649730309803	-0.58944645317275
174.14000000000001	1.204335405365999	-0.04444862784449555	-0.3963589424606462
174.34	0.9215599322470406	0.13595915649595725	-0.2032714317486515
174.54	0.9110870774473754	-0.09003342040552198	-0.01018392103654775
174.74	1.005343517640374	-0.13410447729444996	0.1829035896754471
174.94	0.7958869430528396	0.08925464283304763	0.3815316861570823
175.14000000000001	0.3560486719461992	0.08419664541596816	0.5884706612929022
175.34	-0.5654927053434498	0	0.795409636428722
175.54	-1.183388469110943	-0.11068672255296619	1.002348611564542
175.74	-1.036762719700363	-0.04421789456552361	1.209287586700478
175.94	-1.832800895569789	-0.33340428439299075	1.238506346311929
176.14000000000001	-1.66519799418309	-0.5759197881595846	1.001144782636817
176.34	-1.811849989255447	-0.1990169743744552	0.7637832189618389
176.54	-2.597633959211422	-0.3148894119544998	0.5264216552867269
176.74	-3.40470670895465	-0.46404941875151096	0.2890600916117489
176.94	-3.310352676811205	-0.29122979978648544	0.1882462177307347
177.14000000000001	-3.06925205730446	-0.1329703282829442	0.2922538785409047
177.34	-2.576675989547884	-0.24458532559199497	0.3962615393510748
177.54	-1.989937946945462	-0.1535371091144988	0.5002692001612449
177.74	-1.937557876620053	-0.1629356752079758	0.6042768609714735
177.94	-1.633773519733406	-0.15445220805201387	0.6254251436571185
178.14000000000001	-1.717572851971862	0.24483000958053225	0.5222843591559765
178.34	-1.33001930634545	-0.14683488900599784	0.4191435746548925
178.54	-1.141494906261398	-0.35242535242554496	0.3160027901537503
178.74	-0.963451555881139	0.04220081405952314	0.2128620056526664
178.94	-0.3874650329184993	0.25029383098251756	0.1922338487524105
179.14000000000001	-0.3874650329184993	0.04312082531354733	0.2953746332535422
179.34	0.07330384171358306	0.24672911721497215	0.3985154177546739
179.54	0.8273049391763817	-0.0668468539565481	0.5016562022558055
179.74	1.110074997838543	-0.19986385511652216	0.604796986756879
179.94	0.6387991950577783	-0.04455281092701213	0.6002312866219788
180.14000000000001	0.963451555881139	-0.09209412931845407	0.434105859533142
180.34	1.350967020910385	0.3601629816374796	0.2679804324442115
180.54	1.623298766907865	0.15546721875852043	0.1018550053553747
180.74	1.497604445007407	-0.20016559964499692	-0.06427042173355568
180.94	1.508078785659082	0.15889551113206224	-0.1899497774414458
181.14000000000001	1.549976481398581	0.32842432343400674	-0.2549600260778403
181.34	1.298597952741569	0.06689687099301622	-0.3199702747142716
181.54	1.267176855513893	0.27882943341399624	-0.3849805233506661
181.74	1.424284967470779	0.27196910367850435	-0.4499907719870607
181.94	1.298597952741569	-0.04190416019751453	-0.3965426508787399
182.14000000000001	1.183388469110943	0.06303267045453254	-0.1654069751535232
182.34	0.8377776405367181	-0.042273419784510935	0.06572870057182373
182.54	0.575965021970147	-0.04460669551145102	0.2968643762970405
182.74	0.6283267991889772	0.20387883771899595	0.5280000520223875
182.94	0.2094398164746883	-0.02129679425850739	0.6133469408609279
183.14000000000001	-0.1151917815814729	-0.22434484240045904	0.4800106493694743
183.34	-0.2617999859156943	-0.09021178213801662	0.3466743578779453
183.54	-0.3036882234456204	0.04349743094094194	0.2133380663864162
183.74	-0.3246323812559853	-0.04163185438246231	0.08000177489488725
183.94	-0.2827440922780141	0.08807749565100664	-0.01789097297427566
184.14000000000001	-0.1989677972858579	0.046639713089469126	-0.06261840540998997
184.34	-0.7749416999710047	-0.3761151726395795	-0.1073458378457043
184.54	-1.434759082975295	-0.24366039743748402	-0.1520732702814186
184.74	-1.371914854017045	0.04129465860298609	-0.1968007027171329
184.94	-1.476655862034699	-0.16403515219103326	-0.2954793761758898
185.14000000000001	-1.948033804742326	-0.15427501002198696	-0.4750849111690337
185.34	-2.283287327286626	-0.2586484213439988	-0.6546904461622788
185.54	-3.090215873242413	-0.2090575746120038	-0.8342959811554227
185.74	-4.002429817093494	-0.13000324389107476	-1.013901516148668
185.94	-3.813646317465021	-0.24256239212094854	-1.174663576765564
186.14000000000001	-3.771698161728802	-0.31683145465857265	-1.307160425818025
186.34	-3.740237915558064	-0.3487016726899661	-1.439657274870412
186.54	-3.666833538872967	-0.3783079512224674	-1.572154123922873
186.74	-3.656347523317096	-0.278097433023472	-1.70465097297526
186.94	-3.572462270271069	-0.340182316897053	-1.783458928324509
187.14000000000001	-3.551491746155486	-0.33929828021799224	-1.781733543118905
187.34	-3.603918645418069	-0.19884175493745104	-1.780008157913299
187.54	-3.698292069649006	-0.4061608985255205	-1.778282772707695
187.74	-3.666833538872967	-0.26412758427607486	-1.776557387502089
187.94	-3.520036544338882	-0.39967984669599943	-1.75730768488135
188.14000000000001	-3.436159390378815	-0.37786532456403066	-1.711771506137921
188.34	-3.520036544338882	-0.47681385256650444	-1.666235327394492
188.54	-3.708778408713574	-0.2714978339930063	-1.620699148651064
188.74	-3.834620896994752	-0.2774030685309903	-1.575162969907609
188.94	-3.373254700371751	-0.15808670896948485	-1.511436942122151
189.14000000000001	-2.314719858709491	-0.24512052589793498	-1.420426140773661
189.34	-1.591874721185426	-0.20329369656097995	-1.329415339425172
189.54	-0.8587230986145611	-0.18545577692448134	-1.238404538076682
189.74	0.219911840257068	0.05452742431399926	-1.147393736728193
189.94	0.7016338725417521	-0.016170294392470197	-1.129423955480575
190.14000000000001	0.7958869430528396	0.10008048992746765	-1.221015704384263
190.34	0.7539965248787479	0.2510828910409657	-1.312607453287951
190.54	0.963451555881139	0.08233656534653022	-1.404199202191639
190.74	0.9425057027174897	-0.06946168148003196	-1.495790951095276
190.94	0.7016338725417521	-0.06447180501893968	-1.551999929024425
191.14000000000001	0.8482503602728642	0.04960683697596835	-1.55513475049174
191.34	1.466181619253909	0.07142915611497713	-1.558269571959053
191.54	0.9110870774473754	0.010382068224945584	-1.561404393426368
191.74	0.9739245140473115	0.1259199252534593	-1.564539214893681
191.94	1.602349367863791	0.24062548831897956	-1.693146871151456
192.14000000000001	1.968985789441025	0.10144365387851906	-2.009963779595099
192.34	1.843276408928955	0.09036625871701176	-2.326780688038741
192.54	1.853751962729434	0.10951320258598685	-2.643597596482384
192.74	2.021366511238524	0.2278741861569955	-2.960414504926026
192.94	1.989937946945462	0.09995791245804853	-3.026540271811291
193.14000000000001	2.031842787732766	0.12182398026601149	-2.716629326358722
193.34	2.105177984363463	0.13457128798748386	-2.406718380906153
193.54	1.864227557201214	0.2853106041350806	-2.096807435453584
193.74	2.052795474696397	0.13156715782001172	-1.78689649000119
193.94	2.105177984363463	0.22493723000707178	-1.526208445507854
194.14000000000001	2.178515444411892	0.3211717573405437	-1.339354752453403
194.34	2.136608042629297	0.21476383323699721	-1.152501059399057
194.54	1.790899241946559	0.27178836640748827	-0.965647366344605
194.74	1.906130346401282	0.15938194783302606	-0.7787936732902588
194.94	1.948033804742326	0.2882760874389767	-0.5388207509107572
195.14000000000001	1.350967020910385	0.04056287061899866	-0.2191689845435533
195.34	0.5445481090694693	0.17938448791499084	0.1004827818236507
195.54	0.5131313036614743	-0.06837239373300719	0.4201345481908545
195.74	-0.1570797618724367	0.039658004883502684	0.7397863145580585
195.94	-0.7749416999710047	-0.1097964319194844	0.9542687746574021
196.14000000000001	-1.309071708483509	-0.22455857906598098	1.010997275354759
196.34	-1.403336829965091	0.020978623704070998	1.067725776052117
196.54	-1.382388815598135	-0.3120789282754721	1.124454276749474
196.74	-1.759473415093918	-0.08655714810394954	1.181182777446863
196.94	-2.325197470466269	-0.2164355849999744	1.067009943040449
197.14000000000001	-3.121662106531307	-0.06529061944497982	0.6964851059781842
197.34	-3.40470670895465	-0.30289024132956754	0.3259602689159197
197.54	-4.568956634890839	-0.18008672840954532	-0.04456456814634491
197.74	-3.897546664408825	-0.14843858799853393	-0.4150894052086094
197.94	-3.687805811808002	-0.475827173602994	-0.5864119628503588
198.14000000000001	-3.761211330472917	-0.30360933417847846	-0.4589311013611629
198.34	-3.582947649892732	-0.3880419092969767	-0.3314502398719669
198.54	-3.624889957525188	-0.1035895480579363	-0.203969378382771
198.74	-3.46761275087455	-0.3483203751290631	-0.07648851689350322
198.94	-3.582947649892732	-0.3808631440560539	0.07386548248143668
199.14000000000001	-3.446643768117312	-0.40139600244799567	0.2585291886849763
199.34	-3.719264829232642	-0.133273465697048	0.4431928948885159
199.54	-3.551491746155486	-0.14993034622250434	0.6278566010920555
199.74	-3.603918645418069	-0.2812552240910371	0.8125203072955951
199.94	-3.666833538872967	-0.30304011279946863	0.5895219059637042
200.14000000000001	-3.582947649892732	-0.32819447182204087	-0.2449696566719877
200.34	-3.603918645418069	-0.28059084167253445	-1.079461219307208
200.54	-3.457128221538966	-0.5836847828764924	-1.9139527819429
200.74	-3.572462270271069	-0.2051215448885202	-2.74844434457812
200.94	-3.572462270271069	-0.15089280342843736	-3.50557012227582
201.14000000000001	-3.331319724802431	-0.3895472014190382	-4.146647222567181
201.34	-3.40470670895465	-0.1520744508249905	-4.787724322858181
201.54	-3.719264829232642	-0.5016102559854296	-5.428801423149542
201.74	-7.343540959262393	-0.6515109320047507	-6.069878523440542
201.94	-10.67985605693602	-1.1977917050106868	-6.623345813227331
202.14000000000001	-14.43516301757653	-2.1581704254491463	-7.045398387256725
202.34	-16.67685171845899	-2.0309575331158847	-7.467450961286357
202.54	-17.47437658246785	-1.8619341341398865	-7.889503535315751
202.74	-18.02527475534134	-1.6133331214041924	-8.311556109345382
202.94	-16.81680543042293	-1.5721564356221407	-8.5784087694331
203.14000000000001	-15.60236698155762	-1.7379937237126608	-8.612461558608073
203.34	-15.59164025793053	-1.5852847488899702	-8.646514347783027
203.54	-15.91359547251013	-1.4363535147341455	-8.680567136958
203.74	-15.61309405571317	-1.5563964843748224	-8.714619926132956
203.94	-15.05574543016116	-1.5751505726699477	-8.514826090044036
204.14000000000001	-15.37717900785207	-1.6247752279607397	-7.964262316059108
204.34	-15.30215029812266	-1.3673209622702132	-7.413698542074182
204.54	-14.01848916462829	-1.2386652074751314	-6.863134768089256
204.74	-9.991903362280729	-1.0872117335741116	-6.31257099410464
204.94	-8.228525121946483	-0.5373465486492535	-5.684181723959887
205.14000000000001	-7.638401848846589	-0.7733748042670907	-4.939054209576181
205.34	-7.269845774652414	-0.571784420289978	-4.193926695192055
205.54	-4.799845742191108	-0.23544840203117978	-3.448799180808349
205.74	-4.149281053833539	-0.24860451828425667	-2.703671666424223
205.94	-3.016843692569028	-0.2785399728996829	-1.756751646902219
206.14000000000001	-1.843276408928955	-0.0865742340000697	-0.5071428696735409
206.34	-1.246229596728961	-0.18382578924085458	0.7424659075551374
206.54	-0.8901414275703966	-0.08694247283558276	1.992074684783815
206.74	0.7539965248787479	0.19513955504719682	3.241683462012494
206.94	2.534760726982757	0.19581211875245863	4.15299955057914
207.14000000000001	3.320836164349613	0.08331436886237498	4.556876606152978
207.34	3.436159390378815	0.15249249609268212	4.960753661726814
207.54	3.21600453205268	0.1289000935776219	5.364630717300651
207.74	3.845108312983579	0.2718602363291467	5.768507772874715
207.94	2.178515444411892	-0.15079935878437034	5.441486099336041
208.14000000000001	1.790899241946559	0	4.01811633212831
208.34	1.916606147679549	0.2354302051478907	2.594746564919775
208.54	1.864227557201214	0.3188794965346631	1.171376797712045
208.74	1.549976481398581	0.1930192025441091	-0.2519929694956859
208.94	1.644248308401175	0.1288068737768988	-1.21157867155079
209.14000000000001	1.623298766907865	0.25008621099695816	-1.475488275876627
209.34	1.633773519733406	0.3478471959076579	-1.739397880202465
209.54	1.66519799418309	0.14794214948494755	-2.003307484528303
209.74	2.199469431199964	0.14809450488879605	-2.267217088853991
209.94	2.052795474696397	0	-2.294620599694378
210.14000000000001	2.650029885091891	0.04053735167199868	-1.967264970306421
210.34	3.362770845954301	0.2668238239945442	-1.639909340918279
210.54	3.446643768117312	0.18243784182510048	-1.312553711530322
210.74	5.608375999626401	0.47019675925916715	-0.9851980821423652
210.94	10.66926475719133	1.0468727227463503	-0.6288618844808518
211.14000000000001	13.82633987405443	1.050882035159395	-0.2290548344095479
211.34	14.75601510311874	0.9329880943664826	0.1707522156619822
211.54	15.25928431163304	1.0323400064566446	0.5705592657335121
211.74	15.00220289856916	1.114238651924726	0.9703663158050422
211.94	14.18937376179206	1.1603394614933649	1.123426058915319
212.14000000000001	13.21852083460824	0.9273668210770136	0.9063648415841268
212.34	13.11198602664473	1.2875637302224519	0.6893036242528121
212.54	13.06938030784324	1.4668650842804887	0.4722424069216197
212.74	12.63293784461082	1.3507823083994452	0.255181189590305
212.94	11.67652934682477	1.192797164871351	0.06161438585963702
213.14000000000001	12.84577644823728	1.343624431158652	-0.09671079747016657
213.34	12.70741844775717	1.036171105369732	-0.2550359808000596
213.54	12.0163356380771	0.880642361111228	-0.4133611641298632
213.74	7.722671856666937	0.19091834755622372	-0.5716863474596668
213.94	4.820838156315637	0.4036496213958074	-0.5724648321939081
214.14000000000001	0.335104470726415	0.08191915011037665	-0.3369232690346949
214.34	-0.7958869430528396	-0.04290249391925016	-0.1013817058754817
214.54	-1.235756008457084	-0.16404132791327797	0.1341598572837315
214.72	-1.48713013720924	-0.004278489718512191	-1.413656850019207
214.92000000000002	-1.508078785659082	-0.28924314743701274	-1.55298983113194
215.12	-2.388064220585277	-0.28943428913050795	-1.692322812244634
215.32	-3.100697882857225	-0.28885219557750474	-1.831655793357328
215.52	-3.226487373741558	-0.43600403196553117	-1.850552444784272
215.72	-3.530521534004623	-0.3024701566699761	-1.856067281801671
215.92000000000002	-3.551491746155486	-0.47030094670148515	-1.86158211881907
216.12	-3.362770845954301	-0.6732666115274455	-1.867096955836469
216.32	-3.729751331437155	-0.4597378706229449	-1.872611792853867
216.52	-5.871038014059648	-0.6807946238526874	-1.776015061696348
216.72	-7.185632319134141	-1.2534906541226576	-1.668072600741628
216.92000000000002	-8.070402232527355	-0.8588125365734278	-1.560130139786877
217.12	-9.28376096257187	-0.6821977231222576	-1.452187678832157
217.32	-8.650388187968005	-1.0535118856924264	-1.344245217877407
217.52	-8.745348986399213	-1.1362537154077756	-1.261563795403358
217.72	-8.144187877463287	-0.8515513341366798	-1.181689154982714
217.92000000000002	-9.484480704176573	-0.6680981527133589	-1.101814514562069
218.12	-9.939023495189117	-0.9537157148709063	-1.021939874141425
218.32	-10.07652267146923	-1.109395167295446	-0.9420652337207578
218.52	-10.93411887580286	-1.0913916938244395	-1.366401497942679
218.72	-11.77207265597197	-1.0989612624608736	-1.846761196013719
218.92000000000002	-12.57974586347903	-0.9069526287194929	-2.327120894084759
219.12	-12.83513181365075	-1.1895146316102334	-2.807480592155799
219.32	-13.54896729437175	-1.1078152852049605	-3.287840290226975
219.52	-13.48498744683416	-1.1193849939218126	-3.345164375037708
219.72	-13.26114300347306	-1.2446028082722993	-3.355484502819562
219.92000000000002	-13.34640156323771	-1.5188169539372964	-3.365804630601415
220.12	-13.39969783792777	-1.3347363629411468	-3.376124758383269
220.32	-13.57029632852383	-1.3224476698262766	-3.386444886165126
220.52	-11.54917094536563	-0.9923068473147723	-2.948253852169483
220.72	-8.72424523990571	-0.5711745239493027	-2.460228244643084
220.92000000000002	-6.323007628611061	-0.8394781918449112	-1.972202637116548
221.12	-4.41156025947653	-0.5068931472243854	-1.48417702959015
221.32	-3.383738628857141	-0.38108376375745046	-0.9961514220637517
221.52	-3.048288510885093	-0.49121615275891095	-0.5046384989633486
221.72	-2.807226502276819	-0.4267317674398807	-0.01273809635483047
221.92000000000002	-1.87470319257429	-0.32369611741187576	0.4791623062536876
222.12	-1.309071708483509	-0.49550153714257306	0.9710627088622057
222.32	0.01047197555024533	-0.23627029167490043	1.462963111470724
222.52	2.105177984363463	-0.09064325685965713	1.651178407633054
222.72	6.880442651057193	0.5506109460919006	1.805650914190267
222.92000000000002	10.92352182393361	0.8719841816432705	1.96012342074748
223.12	10.70103936738704	0.4312071955275609	2.114595927304694
223.32	7.691069332296036	0.34949131398498423	2.269068433861951
223.52	5.31428592849154	0.043659598948009304	3.180809762822654
223.72	6.018163783541892	0.23780110890174733	4.176692072050458
223.92000000000002	8.924762236563138	0.7009527684024519	5.172574381278261
224.12	12.61166020939002	0.7946796152734859	6.168456690505784
224.32	14.58485738328294	1.0063441481626079	7.164338999733587
224.52	15.50583905765328	0.8700908558029852	7.840421561622058
224.72	15.20570953212787	0.599826473875753	8.48097081825045
224.92000000000002	15.96728580337543	0.8510451436849031	9.121520074879024
225.12	15.90285848093972	0.6682649911816885	9.762069331507416
225.32	15.33430339356891	1.036098040664779	10.40261858813581
225.52	17.03224418834423	0.9438307127366041	9.838373331159996
225.72	15.24856867180503	0.4762166261141232	9.140262017117054
225.92000000000002	15.09858553243135	0.7455497833366298	8.442150703074113
226.12	15.69892329828483	0.636120901338888	7.744039389031173
226.32	14.20005673708602	0.909414704783229	7.045928074988034
226.52	15.152143282861	0.9756496842559859	6.779938712505928
226.72	14.11460181008458	1.1015715868940568	6.561962900197169
226.92000000000002	13.48498744683416	0.7455849075166832	6.343987087888408
227.12	13.63429071354036	0.9412592654157059	6.126011275579648
227.32	13.53830323134498	0.9424325608629491	5.908035463270887
227.52	13.4530015917462	0.9367459868032668	5.499978630219396
227.72	13.22917593373914	1.0739451851213389	5.070801683752108
227.92000000000002	10.53159930978152	0.9049146218528037	4.641624737284697
228.12	6.722636321243845	0.5353445030120696	4.212447790817408
228.32	4.810341896380006	0.41175620225866183	3.783270844350119
228.52	3.373254700371751	0.1929119038840632	3.427161843442418
228.72	2.545239458604495	-0.08567788033682078	3.079171503152537
228.9	2.461411150354932	-0.019660712279545578	-0.07156389189715297
229.1	-7.006712239367778	-0.6056146812485785	-0.1162913243328673
229.3	-5.923579991316704	-0.5180880284679112	-0.1610187567685816
229.5	-3.488582038210624	-0.3026806459744513	-0.2057461892042959
229.70000000000002	-2.566197089656781	-0.2811997387442311	-0.3314004831744984
229.9	-2.534760726982757	-0.4517126112645986	-0.5110060181677435
230.1	-2.744346235261387	-0.3248775115283209	-0.6906115531608873
230.3	-2.11565462395311	-0.39066347006104785	-0.8702170881541323
230.5	-1.885178869078659	-0.07727915846458266	-1.049822623147276
230.70000000000002	-1.811849989255447	-0.2650242029283323	-1.201162946576086
230.9	-0.9215599322470406	-0.19350265389084242	-1.333659795628473
231.1	0.3979371699327204	-0.09740136791576148	-1.466156644680934
231.3	1.309071708483509	0.1826691618916687	-1.598653493733321
231.5	2.367108430043751	0.10077103971286583	-1.731150342785782
231.70000000000002	2.81770676109804	0.20868184168625348	-1.783113851283389
231.9	2.670988660969216	0.21779713202882967	-1.781388466077783
232.1	2.849147909573085	0.2671456663570826	-1.779663080872179
232.3	3.079733931468342	0.26874123667277594	-1.777937695666573
232.5	3.75072458182633	0.4057991649634385	-1.776212310460969
232.70000000000002	3.845108312983579	0.3504662006855508	-1.748200449132674
232.9	4.359099686821605	0.22929956337049973	-1.70266427038922
233.1	4.023407495319074	0.32620337576343417	-1.657128091645791
233.3	4.474516148382728	0.20934685590572322	-1.611591912902362
233.5	4.264676671213376	0.2185725214387979	-1.566055734158934
233.70000000000002	2.796746305073485	-0.07581278678854275	-1.493234781852474
233.9	1.256703212337958	-0.16368641658583982	-1.402223980503984
234.1	0.5864373512295896	-0.05681470473888339	-1.311213179155494
234.3	0.3036882234456204	-0.10839378611242623	-1.220202377807005
234.5	-0.188495782460897	-0.08844158358525256	-1.129191576458515
234.70000000000002	-0.5550204011197921	0.0063478932528227006	-1.147742305261333
234.9	-1.204335405365999	-0.24204024539837832	-1.239334054164969
235.1	-2.346152847284579	-0.36521263730415754	-1.330925803068658
235.3	-5.513836743306504	-0.5839136220774144	-1.422517551972346
235.5	-7.564674442704391	-0.6234079844946283	-1.514109300876034
235.70000000000002	-8.365597999119062	-0.7380607767948799	-1.552626893317889
235.9	-8.471059894378397	-0.728813124558414	-1.555761714785202
236.1	-8.777006056285858	-0.8109370254184789	-1.558896536252517
236.3	-8.777006056285858	-0.6590199229795868	-1.56203135771983
236.5	-8.98809811397481	-0.7229700374365544	-1.565166179187145
236.70000000000002	-8.935317721496247	-0.6932857177550655	-1.756510252840327
236.9	-8.871987766673065	-0.7478371203056833	-2.07332716128397
237.1	-8.787558800567501	-0.7443663426623504	-2.390144069727612
237.3	-8.734797016633863	-0.8540202873800418	-2.706960978171255
237.5	-9.030326003560004	-0.7245243651442079	-3.023777886614898
237.70000000000002	-8.966985362472437	-0.8228596308649916	-2.964558082720707
237.9	-8.123105369127064	-0.6808349022545901	-2.654647137268313
238.1	-6.154803804577974	-0.36895845907956026	-2.344736191815744
238.3	-3.457128221538966	-0.2916172590322397	-2.034825246363176
238.5	-2.461411150354932	-0.1680744381948429	-1.724914300910607
238.70000000000002	-1.225282447292507	-0.1494806217258393	-1.488837706896922
238.9	-0.2513279414623092	0	-1.301984013842576
239.1	1.728047935654948	0.29591127278054685	-1.115130320788124
239.3	6.407122847324135	0.7117285452390876	-0.928276627733778
239.5	8.871987766673065	0.7537440460150036	-0.7414229346793264
239.70000000000002	8.29178567984122	0.6756718847139132	-0.4748903976371725
239.9	7.57520642683239	0.6406704527932572	-0.1552386312699686
240.1	7.375127034073836	0.7194899662201548	0.1644131350972353
240.3	7.35406948862288	0.5502991570442539	0.4840649014644391
240.5	7.206684727850646	0.6139979779614002	0.8037166678316432
240.70000000000002	6.459699437209919	0.5745508734682048	0.9656144747968608
240.9	6.407122847324135	0.6771610751549639	1.02234297549425
241.1	6.196851471239979	0.5532546237373204	1.079071476191607
241.3	5.366795144801729	0.3472241576790047	1.135799976888965
241.5	4.873321050308437	0.5645614840847912	1.192528477586322
241.70000000000002	5.618880975300832	0.6115696221056233	0.992904975627829
241.9	6.39660795358327	0.8375554408092789	0.6223801385655645
242.1	6.943574690782067	0.4729755542890679	0.2518553015032999
242.3	5.051783098106453	0.35356834684643346	-0.1186695355589646
242.5	4.747366549334862	0.377367679990126	-0.4891943726212291
242.70000000000002	4.453530461215625	0.42073272019242935	-0.5609157905525484
242.9	3.247453269865316	0.18849237727729395	-0.4334349290632806
243.1	2.262332557242667	0.13305096523148485	-0.3059540675740846
243.3	1.644248308401175	0.1481648119260104	-0.1784732060848887
243.5	1.256703212337958	-0.11228871754909164	-0.05099234459569268
243.70000000000002	0.8691958557915522	0.06684506191745321	0.1107982237221029
243.9	-0.01047197555024533	-0.11314447090624569	0.2954619299256426
244.1	-0.680688920940191	-0.22503994403577643	0.4801256361291822
244.3	-1.162441636688883	-0.0685413431677162	0.6647893423327218
244.5	-1.424284967470779	-0.1489250039796275	0.8494530485362615
244.70000000000002	-1.529027566442495	-0.3806175088047592	0.4226235934364716
244.9	-1.864227557201214	-0.35927509272535296	-0.4118679691987488
245.1	-5.345791105765805	-0.5523071549843994	-1.246359531834441
245.3	-7.417244078466986	-0.7605398438558009	-2.080851094469661
245.5	-8.196897299049583	-0.8225107882380733	-2.915342657105353
245.70000000000002	-8.945873403967457	-0.7885341029181703	-3.633785542334237
245.9	-8.861433461991188	-0.8614620608557111	-4.274862642625236
246.1	-8.829771722272733	-0.6505684619392937	-4.915939742916598
246.3	-8.924762236563138	-0.7780178782506919	-5.557016843207597
246.5	-8.924762236563138	-0.8418944961344543	-6.198093943498959
246.70000000000002	-8.850879353188454	-0.8384428408019895	-6.707756328033163
246.9	-9.00921166037157	-0.839260832434241	-7.129808902062795
247.1	-9.230952366741818	-0.7977818817602067	-7.551861476092188
247.3	-9.326011534481223	-0.9274054640263429	-7.97391405012182
247.5	-9.114791382186102	-0.9077411736311491	-8.395966624151214
247.70000000000002	-9.484480704176573	-1.0829260973935995	-8.585219327268101
247.9	-10.03421123854908	-0.8706390542328801	-8.619272116443057
248.1	-10.10825858941477	-0.9160110146898104	-8.65332490561803
248.3	-10.08710108721877	-0.8977131562316054	-8.687377694792984
248.5	-9.94959902737097	-0.9278576783461001	-8.721430483967957
248.70000000000002	-9.727558763568021	-0.8023445033750964	-8.404713335246925
248.9	-9.4950469857204	-0.8426220806794449	-7.854149561262309
249.1	-9.315448582616156	-0.8138656367954411	-7.303585787277383
249.3	-8.386688892516043	-0.7254249426644543	-6.753022013292457
249.5	-7.048807023879744	-0.49081354764771157	-6.20245823930753
249.70000000000002	-5.829006759433594	-0.48245866070428245	-5.53515622108323
249.9	-5.90256281092058	-0.6469646094264814	-4.790028706699104
250.1	-6.291466725364976	-0.558196257835164	-4.044901192315398
250.3	-5.566357328526561	-0.4558682502725897	-3.299773677931272
250.5	-5.671407712698867	-0.509025224673193	-2.554646163547566
250.70000000000002	-5.503332991091352	-0.42390016812713927	-1.506829891456765
250.9	-5.251278723553789	-0.35670607419487077	-0.2572211142280871
251.1	-4.946801608176531	-0.40212567491854645	0.9923876630005912
251.3	-4.369591608852005	-0.11127789600504923	2.241996440229269
251.5	0.7644691040410446	0	3.491605217457947
251.70000000000002	-0.5131313036614743	0	4.233774961693817
251.9	0.6702164676490757	0	4.637652017267881
252.1	-0.4398258075652896	0	5.041529072841718
252.3	-0.2408559025211975	0	5.445406128415555
